20 80 4 1 16 19 6 1 52 7 1
8 8 8 8 8 8 8 8 8 8 8 8 8 8 8 8 8 8 8 8
8 0 0 0 0 0 0 0 0 0 0 0 0 0 0 0 0 0 0 8
8 0 0 8 8 8 8 8 8 8 8 8 8 8 0 0 0 0 0 8
8 0 0 8 0 0 0 0 0 0 0 0 0 8 0 0 0 0 0 8
8 0 0 8 0 0 0 0 0 0 0 0 0 8 0 0 0 0 0 8
8 0 0 8 0 3 0 3 0 3 0 3 0 8 0 0 0 0 0 8
8 0 0 8 0 0 0 0 0 0 0 0 0 8 0 0 0 0 0 8
8 0 0 8 0 0 0 0 0 0 0 0 0 8 0 0 0 0 0 8
8 0 0 8 8 8 8 8 8 8 8 8 8 8 0 0 0 0 0 8
8 0 0 0 0 0 0 0 0 0 0 0 0 0 0 0 0 0 0 8
8 0 0 0 0 0 0 0 0 0 0 0 0 0 0 0 0 0 0 8
8 0 0 0 0 0 0 0 0 0 0 0 0 0 0 0 0 0 0 8
8 0 0 0 0 0 0 0 0 0 0 0 0 0 0 0 0 0 0 8
8 0 0 0 0 0 0 0 0 0 0 0 0 0 0 0 0 0 0 8
8 0 0 0 0 0 0 0 0 0 0 0 0 0 0 0 0 0 0 8
8 0 0 0 0 0 0 0 0 0 0 0 0 0 0 0 0 0 0 8
8 0 0 0 0 0 0 0 0 0 0 0 0 0 0 0 0 0 0 8
8 0 0 0 0 0 0 0 0 0 0 0 0 0 0 0 0 0 0 8
8 0 0 0 0 0 0 0 0 0 0 0 0 0 0 0 0 0 0 8
8 0 0 0 0 0 0 0 0 0 0 0 0 0 0 0 0 0 0 8




